15 15

6
1 0 0 0 0 2 0 0 0 0 0 0 0 0 0 1/1 0/1
0 1 0 0 0 1 1 0 0 0 0 0 0 0 0 1/1 0/1
0 0 1 0 0 0 2 0 0 0 0 0 0 0 0 1/1 0/1
0 0 0 1 0 1 0 0 0 0 0 0 0 0 0 1/1 0/1
0 0 0 0 1 0 1 0 0 0 0 0 0 0 0 1/1 0/1
0 0 0 0 0 0 0 0 0 0 0 0 0 0 0 1/1 0/1
6
0 0 0 0 0 2 0 0 0 0 0 0 0 0 0 10124547/662488724 0/1
0 0 0 0 0 1 1 0 0 0 0 0 0 0 0 8554609/755781377 0/1
0 0 0 0 0 0 2 0 0 0 0 0 0 0 0 5860508/2798943247 0/1
0 0 0 0 0 1 0 0 0 0 0 0 0 0 0 -251402893/1016797750 0/1
0 0 0 0 0 0 1 0 0 0 0 0 0 0 0 -25443962/277938473 0/1
0 0 0 0 0 0 0 0 0 0 0 0 0 0 0 1/1 0/1
16
1 0 0 0 0 2 0 0 0 0 0 0 0 0 0 17109218/755781377 0/1
1 0 0 0 0 1 1 0 0 0 0 0 0 0 0 23442032/2798943247 0/1
0 1 0 0 0 2 0 0 0 0 0 0 0 0 0 -10124547/331244362 0/1
0 1 0 0 0 0 2 0 0 0 0 0 0 0 0 11721016/2798943247 0/1
0 0 1 0 0 1 1 0 0 0 0 0 0 0 0 -10124547/165622181 0/1
0 0 1 0 0 0 2 0 0 0 0 0 0 0 0 -17109218/755781377 0/1
1 0 0 0 0 1 0 0 0 0 0 0 0 0 0 -50887924/277938473 0/1
0 1 0 0 0 1 0 0 0 0 0 0 0 0 0 251402893/1016797750 0/1
0 1 0 0 0 0 1 0 0 0 0 0 0 0 0 -25443962/277938473 0/1
0 0 1 0 0 0 1 0 0 0 0 0 0 0 0 251402893/508398875 0/1
0 0 0 1 0 1 0 0 0 0 0 0 0 0 0 8554609/755781377 0/1
0 0 0 1 0 0 1 0 0 0 0 0 0 0 0 11721016/2798943247 0/1
0 0 0 0 1 1 0 0 0 0 0 0 0 0 0 -10124547/331244362 0/1
0 0 0 0 1 0 1 0 0 0 0 0 0 0 0 -8554609/755781377 0/1
0 0 0 1 0 0 0 0 0 0 0 0 0 0 0 -25443962/277938473 0/1
0 0 0 0 1 0 0 0 0 0 0 0 0 0 0 251402893/1016797750 0/1
6
1 0 0 0 0 0 0 2 0 0 0 0 0 0 0 1/1 0/1
0 1 0 0 0 0 0 1 1 0 0 0 0 0 0 1/1 0/1
0 0 1 0 0 0 0 0 2 0 0 0 0 0 0 1/1 0/1
0 0 0 1 0 0 0 1 0 0 0 0 0 0 0 1/1 0/1
0 0 0 0 1 0 0 0 1 0 0 0 0 0 0 1/1 0/1
0 0 0 0 0 0 0 0 0 0 0 0 0 0 0 1/1 0/1
6
0 0 0 0 0 0 0 2 0 0 0 0 0 0 0 520811/1788018449 0/1
0 0 0 0 0 0 0 1 1 0 0 0 0 0 0 2183697/542440933 0/1
0 0 0 0 0 0 0 0 2 0 0 0 0 0 0 9030222/652429049 0/1
0 0 0 0 0 0 0 1 0 0 0 0 0 0 0 -12680955/370629407 0/1
0 0 0 0 0 0 0 0 1 0 0 0 0 0 0 -24872323/105706890 0/1
0 0 0 0 0 0 0 0 0 0 0 0 0 0 0 1/1 0/1
16
1 0 0 0 0 0 0 2 0 0 0 0 0 0 0 4367394/542440933 0/1
1 0 0 0 0 0 0 1 1 0 0 0 0 0 0 36120888/652429049 0/1
0 1 0 0 0 0 0 2 0 0 0 0 0 0 0 -1041622/1788018449 0/1
0 1 0 0 0 0 0 0 2 0 0 0 0 0 0 18060444/652429049 0/1
0 0 1 0 0 0 0 1 1 0 0 0 0 0 0 -2083244/1788018449 0/1
0 0 1 0 0 0 0 0 2 0 0 0 0 0 0 -4367394/542440933 0/1
1 0 0 0 0 0 0 1 0 0 0 0 0 0 0 -24872323/52853445 0/1
0 1 0 0 0 0 0 1 0 0 0 0 0 0 0 12680955/370629407 0/1
0 1 0 0 0 0 0 0 1 0 0 0 0 0 0 -24872323/105706890 0/1
0 0 1 0 0 0 0 0 1 0 0 0 0 0 0 25361910/370629407 0/1
0 0 0 1 0 0 0 1 0 0 0 0 0 0 0 2183697/542440933 0/1
0 0 0 1 0 0 0 0 1 0 0 0 0 0 0 18060444/652429049 0/1
0 0 0 0 1 0 0 1 0 0 0 0 0 0 0 -1041622/1788018449 0/1
0 0 0 0 1 0 0 0 1 0 0 0 0 0 0 -2183697/542440933 0/1
0 0 0 1 0 0 0 0 0 0 0 0 0 0 0 -24872323/105706890 0/1
0 0 0 0 1 0 0 0 0 0 0 0 0 0 0 12680955/370629407 0/1
6
1 0 0 0 0 0 0 0 0 2 0 0 0 0 0 1/1 0/1
0 1 0 0 0 0 0 0 0 1 1 0 0 0 0 1/1 0/1
0 0 1 0 0 0 0 0 0 0 2 0 0 0 0 1/1 0/1
0 0 0 1 0 0 0 0 0 1 0 0 0 0 0 1/1 0/1
0 0 0 0 1 0 0 0 0 0 1 0 0 0 0 1/1 0/1
0 0 0 0 0 0 0 0 0 0 0 0 0 0 0 1/1 0/1
6
0 0 0 0 0 0 0 0 0 2 0 0 0 0 0 6537193/241535591 0/1
0 0 0 0 0 0 0 0 0 1 1 0 0 0 0 -7424602/363844915 0/1
0 0 0 0 0 0 0 0 0 0 2 0 0 0 0 6264373/1630169777 0/1
0 0 0 0 0 0 0 0 0 1 0 0 0 0 0 13097677/39806827 0/1
0 0 0 0 0 0 0 0 0 0 1 0 0 0 0 -29825861/240478169 0/1
0 0 0 0 0 0 0 0 0 0 0 0 0 0 0 1/1 0/1
16
1 0 0 0 0 0 0 0 0 2 0 0 0 0 0 -14849204/363844915 0/1
1 0 0 0 0 0 0 0 0 1 1 0 0 0 0 25057492/1630169777 0/1
0 1 0 0 0 0 0 0 0 2 0 0 0 0 0 -13074386/241535591 0/1
0 1 0 0 0 0 0 0 0 0 2 0 0 0 0 12528746/1630169777 0/1
0 0 1 0 0 0 0 0 0 1 1 0 0 0 0 -26148772/241535591 0/1
0 0 1 0 0 0 0 0 0 0 2 0 0 0 0 14849204/363844915 0/1
1 0 0 0 0 0 0 0 0 1 0 0 0 0 0 -59651722/240478169 0/1
0 1 0 0 0 0 0 0 0 1 0 0 0 0 0 -13097677/39806827 0/1
0 1 0 0 0 0 0 0 0 0 1 0 0 0 0 -29825861/240478169 0/1
0 0 1 0 0 0 0 0 0 0 1 0 0 0 0 -26195354/39806827 0/1
0 0 0 1 0 0 0 0 0 1 0 0 0 0 0 -7424602/363844915 0/1
0 0 0 1 0 0 0 0 0 0 1 0 0 0 0 12528746/1630169777 0/1
0 0 0 0 1 0 0 0 0 1 0 0 0 0 0 -13074386/241535591 0/1
0 0 0 0 1 0 0 0 0 0 1 0 0 0 0 7424602/363844915 0/1
0 0 0 1 0 0 0 0 0 0 0 0 0 0 0 -29825861/240478169 0/1
0 0 0 0 1 0 0 0 0 0 0 0 0 0 0 -13097677/39806827 0/1
6
1 0 0 0 0 0 0 0 0 0 0 2 0 0 0 1/1 0/1
0 1 0 0 0 0 0 0 0 0 0 1 1 0 0 1/1 0/1
0 0 1 0 0 0 0 0 0 0 0 0 2 0 0 1/1 0/1
0 0 0 1 0 0 0 0 0 0 0 1 0 0 0 1/1 0/1
0 0 0 0 1 0 0 0 0 0 0 0 1 0 0 1/1 0/1
0 0 0 0 0 0 0 0 0 0 0 0 0 0 0 1/1 0/1
6
0 0 0 0 0 0 0 0 0 0 0 2 0 0 0 13173269/2284890206 0/1
0 0 0 0 0 0 0 0 0 0 0 1 1 0 0 4510030/483147459 0/1
0 0 0 0 0 0 0 0 0 0 0 0 2 0 0 2224435/588965799 0/1
0 0 0 0 0 0 0 0 0 0 0 1 0 0 0 33318719/219393000 0/1
0 0 0 0 0 0 0 0 0 0 0 0 1 0 0 92891037/755709662 0/1
0 0 0 0 0 0 0 0 0 0 0 0 0 0 0 1/1 0/1
16
1 0 0 0 0 0 0 0 0 0 0 2 0 0 0 9020060/483147459 0/1
1 0 0 0 0 0 0 0 0 0 0 1 1 0 0 8897740/588965799 0/1
0 1 0 0 0 0 0 0 0 0 0 2 0 0 0 -13173269/1142445103 0/1
0 1 0 0 0 0 0 0 0 0 0 0 2 0 0 4448870/588965799 0/1
0 0 1 0 0 0 0 0 0 0 0 1 1 0 0 -26346538/1142445103 0/1
0 0 1 0 0 0 0 0 0 0 0 0 2 0 0 -9020060/483147459 0/1
1 0 0 0 0 0 0 0 0 0 0 1 0 0 0 92891037/377854831 0/1
0 1 0 0 0 0 0 0 0 0 0 1 0 0 0 -33318719/219393000 0/1
0 1 0 0 0 0 0 0 0 0 0 0 1 0 0 92891037/755709662 0/1
0 0 1 0 0 0 0 0 0 0 0 0 1 0 0 -33318719/109696500 0/1
0 0 0 1 0 0 0 0 0 0 0 1 0 0 0 4510030/483147459 0/1
0 0 0 1 0 0 0 0 0 0 0 0 1 0 0 4448870/588965799 0/1
0 0 0 0 1 0 0 0 0 0 0 1 0 0 0 -13173269/1142445103 0/1
0 0 0 0 1 0 0 0 0 0 0 0 1 0 0 -4510030/483147459 0/1
0 0 0 1 0 0 0 0 0 0 0 0 0 0 0 92891037/755709662 0/1
0 0 0 0 1 0 0 0 0 0 0 0 0 0 0 -33318719/219393000 0/1
6
1 0 0 0 0 0 0 0 0 0 0 0 0 2 0 1/1 0/1
0 1 0 0 0 0 0 0 0 0 0 0 0 1 1 1/1 0/1
0 0 1 0 0 0 0 0 0 0 0 0 0 0 2 1/1 0/1
0 0 0 1 0 0 0 0 0 0 0 0 0 1 0 1/1 0/1
0 0 0 0 1 0 0 0 0 0 0 0 0 0 1 1/1 0/1
0 0 0 0 0 0 0 0 0 0 0 0 0 0 0 1/1 0/1
6
0 0 0 0 0 0 0 0 0 0 0 0 0 2 0 8275097/452566634 0/1
0 0 0 0 0 0 0 0 0 0 0 0 0 1 1 -19174153/408565940 0/1
0 0 0 0 0 0 0 0 0 0 0 0 0 0 2 5184916/172253855 0/1
0 0 0 0 0 0 0 0 0 0 0 0 0 1 0 -23713234/87670601 0/1
0 0 0 0 0 0 0 0 0 0 0 0 0 0 1 28246737/81404569 0/1
0 0 0 0 0 0 0 0 0 0 0 0 0 0 0 1/1 0/1
16
1 0 0 0 0 0 0 0 0 0 0 0 0 2 0 -19174153/204282970 0/1
1 0 0 0 0 0 0 0 0 0 0 0 0 1 1 20739664/172253855 0/1
0 1 0 0 0 0 0 0 0 0 0 0 0 2 0 -8275097/226283317 0/1
0 1 0 0 0 0 0 0 0 0 0 0 0 0 2 10369832/172253855 0/1
0 0 1 0 0 0 0 0 0 0 0 0 0 1 1 -16550194/226283317 0/1
0 0 1 0 0 0 0 0 0 0 0 0 0 0 2 19174153/204282970 0/1
1 0 0 0 0 0 0 0 0 0 0 0 0 1 0 56493474/81404569 0/1
0 1 0 0 0 0 0 0 0 0 0 0 0 1 0 23713234/87670601 0/1
0 1 0 0 0 0 0 0 0 0 0 0 0 0 1 28246737/81404569 0/1
0 0 1 0 0 0 0 0 0 0 0 0 0 0 1 47426468/87670601 0/1
0 0 0 1 0 0 0 0 0 0 0 0 0 1 0 -19174153/408565940 0/1
0 0 0 1 0 0 0 0 0 0 0 0 0 0 1 10369832/172253855 0/1
0 0 0 0 1 0 0 0 0 0 0 0 0 1 0 -8275097/226283317 0/1
0 0 0 0 1 0 0 0 0 0 0 0 0 0 1 19174153/408565940 0/1
0 0 0 1 0 0 0 0 0 0 0 0 0 0 0 28246737/81404569 0/1
0 0 0 0 1 0 0 0 0 0 0 0 0 0 0 23713234/87670601 0/1
